[id][cost,state,father_id,action,depth,h,value]
[0][0,(0, 0),None,None,0,18,1]
[1][3,(0, 1),0,E,1,17,0]
[3][6,(0, 2),1,E,2,16,0]
[5][10,(0, 3),3,E,3,15,0]
[7][14,(0, 4),5,E,4,14,0]
[9][15,(0, 5),7,E,5,13,0]
[11][16,(0, 6),9,E,6,12,0]
[14][19,(1, 6),11,S,7,11,0]
[33][20,(2, 6),14,S,8,10,0]
[50][21,(3, 6),33,S,9,9,0]
[71][23,(3, 7),50,E,10,8,0]
[72][26,(4, 7),71,S,11,7,0]
[95][29,(5, 7),72,S,12,6,0]
[116][30,(6, 7),95,S,13,5,0]
[136][31,(7, 7),116,S,14,4,0]
[160][32,(7, 8),136,E,15,3,0]
[162][34,(8, 8),160,S,16,2,0]
[184][36,(8, 9),162,E,17,1,0]
[186][39,(9, 9),184,S,18,0,0]