[id][cost,state,father_id,action,depth,h,value]
[0][0,(0, 0),None,None,0,18,0]
[1][3,(0, 1),0,E,1,17,1]
[3][6,(0, 2),1,E,2,16,2]
[7][10,(0, 3),3,E,3,15,3]
[14][14,(0, 4),7,E,4,14,4]
[20][15,(0, 5),14,E,5,13,5]
[27][16,(0, 6),20,E,6,12,6]
[40][19,(1, 6),27,S,7,11,7]
[55][20,(2, 6),40,S,8,10,8]
[72][21,(3, 6),55,S,9,9,9]
[91][23,(3, 7),72,E,10,8,10]
[111][26,(4, 7),91,S,11,7,11]
[134][29,(5, 7),111,S,12,6,12]
[156][30,(6, 7),134,S,13,5,13]
[170][31,(7, 7),156,S,14,4,14]
[182][32,(7, 8),170,E,15,3,15]
[190][34,(8, 8),182,S,16,2,16]
[195][36,(8, 9),190,E,17,1,17]
[197][39,(9, 9),195,S,18,0,18]