[id][cost,state,father_id,action,depth,h,value]
[0][0,(0, 3),None,None,0,15,15]
[1][4,(0, 4),0,E,1,14,18]
[13][5,(0, 5),1,E,2,13,18]
[16][6,(0, 6),13,E,3,12,18]
[19][7,(0, 7),16,E,4,11,18]
[22][8,(0, 8),19,E,5,10,18]
[26][10,(1, 8),22,S,6,9,19]
[53][11,(2, 8),26,S,7,8,19]
[57][12,(3, 8),53,S,8,7,19]
[65][13,(4, 8),57,S,9,6,19]
[67][14,(5, 8),65,S,10,5,19]
[71][16,(6, 8),67,S,11,4,20]
[82][17,(6, 7),71,O,12,5,22]
[102][18,(7, 7),82,S,13,4,22]
[104][19,(7, 8),102,E,14,3,22]
[107][21,(8, 8),104,S,15,2,23]
[124][23,(8, 9),107,E,16,1,24]
[162][26,(9, 9),124,S,17,0,26]