[id][cost,state,father_id,action,depth,h,value]
[0][0,(230, 217),None,None,0,153,153]
[3][1,(231, 217),0,S,1,152,152]
[5][2,(232, 217),3,S,2,151,151]
[11][5,(233, 217),5,S,3,150,150]
[12][8,(233, 216),11,O,4,151,151]
[16][9,(234, 216),12,S,5,150,150]
[17][12,(234, 217),16,E,6,149,149]
[19][15,(235, 217),17,S,7,148,148]
[20][16,(235, 216),19,O,8,149,149]
[21][18,(236, 216),20,S,9,148,148]
[22][22,(236, 215),21,O,10,149,149]
[25][23,(237, 215),22,S,11,148,148]
[26][27,(237, 214),25,O,12,149,149]
[28][28,(237, 213),26,O,13,150,150]
[34][32,(238, 213),28,S,14,149,149]
[36][34,(239, 213),34,S,15,148,148]
[37][36,(239, 212),36,O,16,149,149]
[39][39,(239, 211),37,O,17,150,150]
[72][41,(238, 211),39,N,18,151,151]
[76][44,(237, 211),72,N,19,152,152]
[164][46,(237, 210),76,O,20,153,153]
[167][48,(237, 209),164,O,21,154,154]
[175][52,(238, 209),167,S,22,153,153]
[176][56,(238, 208),175,O,23,154,154]
[187][57,(237, 208),176,N,24,155,155]
[200][58,(236, 208),187,N,25,156,156]
[205][60,(236, 207),200,O,26,157,157]
[208][61,(237, 207),205,S,27,156,156]
[209][62,(237, 206),208,O,28,157,157]
[210][64,(238, 206),209,S,29,156,156]
[211][68,(238, 205),210,O,30,157,157]
[220][70,(238, 204),211,O,31,158,158]
[226][74,(237, 204),220,N,32,159,159]
[230][75,(237, 205),226,E,33,158,158]
[231][76,(236, 205),230,N,34,159,159]
[232][79,(235, 205),231,N,35,160,160]
[243][80,(234, 205),232,N,36,161,161]
[253][81,(233, 205),243,N,37,162,162]
[265][83,(232, 205),253,N,38,163,163]
[272][86,(232, 206),265,E,39,162,162]
[273][87,(231, 206),272,N,40,163,163]
[274][88,(230, 206),273,N,41,164,164]
[278][92,(230, 207),274,E,42,163,163]
[279][93,(230, 208),278,E,43,162,162]
[281][97,(229, 208),279,N,44,163,163]
[284][99,(229, 209),281,E,45,162,162]
[286][100,(229, 210),284,E,46,161,161]
[287][103,(229, 211),286,E,47,160,160]
[289][106,(229, 212),287,E,48,159,159]
[290][107,(229, 213),289,E,49,158,158]
[293][109,(229, 214),290,E,50,157,157]
[294][113,(228, 214),293,N,51,158,158]
[295][116,(227, 214),294,N,52,159,159]
[307][118,(227, 215),295,E,53,158,158]
[308][119,(227, 216),307,E,54,157,157]
[309][120,(226, 216),308,N,55,158,158]
[313][123,(225, 216),309,N,56,159,159]
[314][126,(225, 217),313,E,57,158,158]
[316][128,(226, 217),314,S,58,157,157]
[317][130,(226, 218),316,E,59,156,156]
[318][133,(226, 219),317,E,60,155,155]
[319][136,(225, 219),318,N,61,156,156]
[334][138,(225, 220),319,E,62,155,155]
[335][141,(224, 220),334,N,63,156,156]
[336][143,(224, 221),335,E,64,155,155]
[337][145,(225, 221),336,S,65,154,154]
[338][146,(225, 222),337,E,66,153,153]
[339][148,(224, 222),338,N,67,154,154]
[342][149,(223, 222),339,N,68,155,155]
[344][150,(223, 223),342,E,69,154,154]
[345][152,(223, 224),344,E,70,153,153]
[347][154,(222, 224),345,N,71,154,154]
[353][155,(222, 223),347,O,72,155,155]
[354][157,(221, 223),353,N,73,156,156]
[355][161,(221, 224),354,E,74,155,155]
[356][165,(220, 224),355,N,75,156,156]
[357][169,(219, 224),356,N,76,157,157]
[359][172,(219, 223),357,O,77,158,158]
[363][176,(219, 222),359,O,78,159,159]
[368][179,(219, 221),363,O,79,160,160]
[378][181,(218, 221),368,N,80,161,161]
[393][182,(218, 220),378,O,81,162,162]
[399][184,(218, 219),393,O,82,163,163]
[405][188,(218, 218),399,O,83,164,164]
[416][190,(217, 218),405,N,84,165,165]
[424][194,(217, 217),416,O,85,166,166]
[432][198,(216, 217),424,N,86,167,167]
[450][202,(216, 216),432,O,87,168,168]
[468][205,(217, 216),450,S,88,167,167]
[469][209,(218, 216),468,S,89,166,166]
[471][211,(219, 216),469,S,90,165,165]
[472][215,(220, 216),471,S,91,164,164]
[474][218,(221, 216),472,S,92,163,163]
[475][222,(221, 215),474,O,93,164,164]
[477][224,(222, 215),475,S,94,163,163]
[478][227,(222, 214),477,O,95,164,164]
[482][230,(222, 213),478,O,96,165,165]
[486][233,(222, 212),482,O,97,166,166]
[488][237,(221, 212),486,N,98,167,167]
[490][240,(220, 212),488,N,99,168,168]
[494][241,(219, 212),490,N,100,169,169]
[509][244,(219, 211),494,O,101,170,170]
[521][245,(219, 210),509,O,102,171,171]
[526][246,(218, 210),521,N,103,172,172]
[916][248,(217, 210),526,N,104,173,173]
[930][252,(216, 210),916,N,105,174,174]
[951][256,(216, 209),930,O,106,175,175]
[1015][260,(216, 208),951,O,107,176,176]
[1031][262,(216, 207),1015,O,108,177,177]
[1040][263,(216, 206),1031,O,109,178,178]
[1068][266,(216, 205),1040,O,110,179,179]
[1098][269,(216, 204),1068,O,111,180,180]
[1116][271,(215, 204),1098,N,112,181,181]
[1130][275,(214, 204),1116,N,113,182,182]
[1152][279,(214, 203),1130,O,114,183,183]
[1169][282,(215, 203),1152,S,115,182,182]
[1170][285,(215, 202),1169,O,116,183,183]
[1171][288,(214, 202),1170,N,117,184,184]
[1185][290,(214, 201),1171,O,118,185,185]
[1199][294,(213, 201),1185,N,119,186,186]
[1212][298,(213, 202),1199,E,120,185,185]
[1213][299,(212, 202),1212,N,121,186,186]
[1215][302,(212, 203),1213,E,122,185,185]
[1216][303,(211, 203),1215,N,123,186,186]
[1217][307,(211, 202),1216,O,124,187,187]
[1222][311,(210, 202),1217,N,125,188,188]
[1237][315,(210, 203),1222,E,126,187,187]
[1238][317,(209, 203),1237,N,127,188,188]
[1239][319,(209, 202),1238,O,128,189,189]
[1254][320,(208, 202),1239,N,129,190,190]
[1265][323,(208, 203),1254,E,130,189,189]
[1266][327,(208, 204),1265,E,131,188,188]
[1268][329,(208, 205),1266,E,132,187,187]
[1270][333,(208, 206),1268,E,133,186,186]
[1271][337,(209, 206),1270,S,134,185,185]
[1272][341,(210, 206),1271,S,135,184,184]
[1273][345,(210, 207),1272,E,136,183,183]
[1274][348,(209, 207),1273,N,137,184,184]
[1275][352,(208, 207),1274,N,138,185,185]
[1277][356,(208, 208),1275,E,139,184,184]
[1278][360,(207, 208),1277,N,140,185,185]
[1391][363,(206, 208),1278,N,141,186,186]
[1395][367,(206, 207),1391,O,142,187,187]
[1401][370,(206, 206),1395,O,143,188,188]
[1402][371,(205, 206),1401,N,144,189,189]
[1404][373,(205, 205),1402,O,145,190,190]
[1405][374,(205, 204),1404,O,146,191,191]
[1417][378,(204, 204),1405,N,147,192,192]
[1611][380,(204, 205),1417,E,148,191,191]
[1612][381,(203, 205),1611,N,149,192,192]
[1614][383,(202, 205),1612,N,150,193,193]
[1619][386,(201, 205),1614,N,151,194,194]
[1626][387,(200, 205),1619,N,152,195,195]
[1637][390,(200, 204),1626,O,153,196,196]
[1644][394,(200, 203),1637,O,154,197,197]
[1661][398,(200, 202),1644,O,155,198,198]
[1665][399,(199, 202),1661,N,156,199,199]
[1677][403,(199, 201),1665,O,157,200,200]
[1713][405,(200, 201),1677,S,158,199,199]
[1714][406,(201, 201),1713,S,159,198,198]
[1715][409,(201, 200),1714,O,160,199,199]
[1716][410,(200, 200),1715,N,161,200,200]
[1717][411,(200, 199),1716,O,162,201,201]
[1726][412,(200, 198),1717,O,163,202,202]
[1741][415,(200, 197),1726,O,164,203,203]
[1748][418,(200, 196),1741,O,165,204,204]
[1754][420,(200, 195),1748,O,166,205,205]
[1772][424,(200, 194),1754,O,167,206,206]
[1783][426,(199, 194),1772,N,168,207,207]
[1787][430,(198, 194),1783,N,169,208,208]
[1792][434,(198, 195),1787,E,170,207,207]
[1794][435,(198, 196),1792,E,171,206,206]
[1795][438,(197, 196),1794,N,172,207,207]
[1798][441,(196, 196),1795,N,173,208,208]
[1799][444,(195, 196),1798,N,174,209,209]
[1803][447,(195, 197),1799,E,175,208,208]
[1805][448,(196, 197),1803,S,176,207,207]
[1806][452,(196, 198),1805,E,177,206,206]
[1807][453,(195, 198),1806,N,178,207,207]
[1808][454,(194, 198),1807,N,179,208,208]
[1810][456,(193, 198),1808,N,180,209,209]
[1811][457,(192, 198),1810,N,181,210,210]
[1814][461,(192, 197),1811,O,182,211,211]
[1819][463,(191, 197),1814,N,183,212,212]
[1831][467,(191, 198),1819,E,184,211,211]
[1832][469,(191, 199),1831,E,185,210,210]
[1833][471,(190, 199),1832,N,186,211,211]
[1835][473,(189, 199),1833,N,187,212,212]
[1837][477,(189, 198),1835,O,188,213,213]
[1840][481,(188, 198),1837,N,189,214,214]
[1845][484,(188, 199),1840,E,190,213,213]
[1846][487,(188, 200),1845,E,191,212,212]
[1847][489,(189, 200),1846,S,192,211,211]
[1848][490,(189, 201),1847,E,193,210,210]
[1849][493,(188, 201),1848,N,194,211,211]
[1906][497,(187, 201),1849,N,195,212,212]
[1907][500,(186, 201),1906,N,196,213,213]
[1914][503,(186, 200),1907,O,197,214,214]
[1915][507,(185, 200),1914,N,198,215,215]
[1919][510,(184, 200),1915,N,199,216,216]
[1924][511,(184, 199),1919,O,200,217,217]
[1942][514,(183, 199),1924,N,201,218,218]
[1945][517,(183, 198),1942,O,202,219,219]
[1946][518,(183, 197),1945,O,203,220,220]
[1947][519,(182, 197),1946,N,204,221,221]
[1949][520,(181, 197),1947,N,205,222,222]
[1953][523,(181, 198),1949,E,206,221,221]
[1954][525,(180, 198),1953,N,207,222,222]
[1957][526,(179, 198),1954,N,208,223,223]
[1960][528,(179, 199),1957,E,209,222,222]
[1961][529,(178, 199),1960,N,210,223,223]
[1975][533,(177, 199),1961,N,211,224,224]
[1976][534,(177, 200),1975,E,212,223,223]
[1978][537,(177, 201),1976,E,213,222,222]
[1979][541,(176, 201),1978,N,214,223,223]
[1980][543,(175, 201),1979,N,215,224,224]
[1981][546,(175, 202),1980,E,216,223,223]
[1982][549,(174, 202),1981,N,217,224,224]
[9015][552,(174, 201),1982,O,218,225,225]
[9022][554,(173, 201),9015,N,219,226,226]
[9024][555,(172, 201),9022,N,220,227,227]
[9026][559,(172, 200),9024,O,221,228,228]
[9030][562,(172, 199),9026,O,222,229,229]
[9121][564,(171, 199),9030,N,223,230,230]
[9133][566,(171, 200),9121,E,224,229,229]
[9135][569,(171, 201),9133,E,225,228,228]
[9137][572,(171, 202),9135,E,226,227,227]
[9138][574,(170, 202),9137,N,227,228,228]
[9140][577,(170, 203),9138,E,228,227,227]
[9141][578,(170, 204),9140,E,229,226,226]
[9142][582,(170, 205),9141,E,230,225,225]
[9144][583,(170, 206),9142,E,231,224,224]
[9146][585,(169, 206),9144,N,232,225,225]
[9147][588,(169, 205),9146,O,233,226,226]
[9152][592,(169, 204),9147,O,234,227,227]
[9153][596,(168, 204),9152,N,235,228,228]
[9154][598,(167, 204),9153,N,236,229,229]
[9155][600,(167, 203),9154,O,237,230,230]
[9156][602,(168, 203),9155,S,238,229,229]
[9157][604,(169, 203),9156,S,239,228,228]
[9158][608,(169, 202),9157,O,240,229,229]
[9159][610,(168, 202),9158,N,241,230,230]
[9161][612,(168, 201),9159,O,242,231,231]
[9167][614,(167, 201),9161,N,243,232,232]
[9172][618,(167, 202),9167,E,244,231,231]
[9173][620,(166, 202),9172,N,245,232,232]
[9175][622,(166, 203),9173,E,246,231,231]
[9176][626,(166, 204),9175,E,247,230,230]
[9177][628,(166, 205),9176,E,248,229,229]
[9178][629,(167, 205),9177,S,249,228,228]
[9179][632,(168, 205),9178,S,250,227,227]
[9180][634,(168, 206),9179,E,251,226,226]
[9181][636,(167, 206),9180,N,252,227,227]
[9182][638,(166, 206),9181,N,253,228,228]
[9189][642,(165, 206),9182,N,254,229,229]
[9198][645,(164, 206),9189,N,255,230,230]
[9201][646,(164, 207),9198,E,256,229,229]
[9202][649,(163, 207),9201,N,257,230,230]
[9215][651,(163, 208),9202,E,258,229,229]
[9216][653,(162, 208),9215,N,259,230,230]
[9217][654,(162, 207),9216,O,260,231,231]
[9219][656,(161, 207),9217,N,261,232,232]
[9223][658,(161, 208),9219,E,262,231,231]
[9225][662,(161, 209),9223,E,263,230,230]
[9226][666,(161, 210),9225,E,264,229,229]
[9228][670,(160, 210),9226,N,265,230,230]
[9233][673,(160, 211),9228,E,266,229,229]
[9235][677,(161, 211),9233,S,267,228,228]
[9240][681,(161, 212),9235,E,268,227,227]
[9242][682,(161, 213),9240,E,269,226,226]
[9243][686,(162, 213),9242,S,270,225,225]
[9244][689,(162, 214),9243,E,271,224,224]
[9245][691,(161, 214),9244,N,272,225,225]
[9265][695,(161, 215),9245,E,273,224,224]
[9266][699,(160, 215),9265,N,274,225,225]
[9267][703,(160, 216),9266,E,275,224,224]
[9268][707,(159, 216),9267,N,276,225,225]
[9270][711,(159, 217),9268,E,277,224,224]
[9271][713,(158, 217),9270,N,278,225,225]
[9273][716,(158, 216),9271,O,279,226,226]
[9282][717,(158, 215),9273,O,280,227,227]
[9283][718,(157, 215),9282,N,281,228,228]
[9287][721,(157, 216),9283,E,282,227,227]
[9288][722,(156, 216),9287,N,283,228,228]
[9290][724,(155, 216),9288,N,284,229,229]
[9294][726,(155, 217),9290,E,285,228,228]
[9295][728,(154, 217),9294,N,286,229,229]
[9302][729,(153, 217),9295,N,287,230,230]
[9306][730,(153, 218),9302,E,288,229,229]
[9307][733,(153, 219),9306,E,289,228,228]
[9309][737,(153, 220),9307,E,290,227,227]
[9311][740,(153, 221),9309,E,291,226,226]
[9312][743,(153, 222),9311,E,292,225,225]
[9314][744,(154, 222),9312,S,293,224,224]
[9315][748,(154, 221),9314,O,294,225,225]
[9320][750,(155, 221),9315,S,295,224,224]
[9321][751,(156, 221),9320,S,296,223,223]
[9323][754,(156, 222),9321,E,297,222,222]
[9325][755,(156, 223),9323,E,298,221,221]
[9326][757,(156, 224),9325,E,299,220,220]
[9327][759,(155, 224),9326,N,300,221,221]
[9331][761,(154, 224),9327,N,301,222,222]
[9332][763,(153, 224),9331,N,302,223,223]
[9617][767,(153, 225),9332,E,303,222,222]
[9618][769,(153, 226),9617,E,304,221,221]
[9619][770,(152, 226),9618,N,305,222,222]
[9620][771,(152, 225),9619,O,306,223,223]
[9621][773,(151, 225),9620,N,307,224,224]
[9622][774,(151, 226),9621,E,308,223,223]
[9623][775,(150, 226),9622,N,309,224,224]
[9625][777,(150, 227),9623,E,310,223,223]
[9626][781,(150, 228),9625,E,311,222,222]
[9628][785,(151, 228),9626,S,312,221,221]
[9629][789,(152, 228),9628,S,313,220,220]
[9631][793,(153, 228),9629,S,314,219,219]
[9632][794,(153, 227),9631,O,315,220,220]
[9633][796,(154, 227),9632,S,316,219,219]
[9634][799,(154, 228),9633,E,317,218,218]
[9635][803,(154, 229),9634,E,318,217,217]
[9637][804,(154, 230),9635,E,319,216,216]
[9639][806,(153, 230),9637,N,320,217,217]
[9642][808,(153, 231),9639,E,321,216,216]
[9643][809,(154, 231),9642,S,322,215,215]
[9644][810,(154, 232),9643,E,323,214,214]
[9646][814,(154, 233),9644,E,324,213,213]
[9649][818,(155, 233),9646,S,325,212,212]
[9650][819,(155, 234),9649,E,326,211,211]
[9652][820,(155, 235),9650,E,327,210,210]
[9654][823,(155, 236),9652,E,328,209,209]
[9657][825,(156, 236),9654,S,329,208,208]
[9658][827,(156, 237),9657,E,330,207,207]
[9660][831,(157, 237),9658,S,331,206,206]
[9663][835,(157, 238),9660,E,332,205,205]
[9665][838,(157, 239),9663,E,333,204,204]
[9666][839,(156, 239),9665,N,334,205,205]
[9669][842,(155, 239),9666,N,335,206,206]
[9679][843,(155, 240),9669,E,336,205,205]
[9680][845,(155, 241),9679,E,337,204,204]
[9681][846,(154, 241),9680,N,338,205,205]
[9682][848,(153, 241),9681,N,339,206,206]
[9683][852,(152, 241),9682,N,340,207,207]
[9686][853,(152, 242),9683,E,341,206,206]
[9687][855,(152, 243),9686,E,342,205,205]
[9690][856,(152, 244),9687,E,343,204,204]
[9692][860,(151, 244),9690,N,344,205,205]
[9700][864,(150, 244),9692,N,345,206,206]
[9701][867,(150, 245),9700,E,346,205,205]
[9702][871,(149, 245),9701,N,347,206,206]
[9710][875,(149, 244),9702,O,348,207,207]
[9711][878,(149, 243),9710,O,349,208,208]
[9723][882,(148, 243),9711,N,350,209,209]
[9731][883,(147, 243),9723,N,351,210,210]
[9741][887,(147, 242),9731,O,352,211,211]
[9753][891,(146, 242),9741,N,353,212,212]
[9757][893,(145, 242),9753,N,354,213,213]
[9760][897,(145, 241),9757,O,355,214,214]
[9762][901,(145, 240),9760,O,356,215,215]
[9764][903,(144, 240),9762,N,357,216,216]
[9771][905,(144, 241),9764,E,358,215,215]
[9772][906,(144, 242),9771,E,359,214,214]
[9773][908,(143, 242),9772,N,360,215,215]
[9777][910,(143, 243),9773,E,361,214,214]
[9778][912,(142, 243),9777,N,362,215,215]
[9779][916,(141, 243),9778,N,363,216,216]
[9780][919,(141, 244),9779,E,364,215,215]
[9781][923,(140, 244),9780,N,365,216,216]
[9783][925,(140, 245),9781,E,366,215,215]
[9784][927,(140, 246),9783,E,367,214,214]
[9785][929,(141, 246),9784,S,368,213,213]
[9788][931,(142, 246),9785,S,369,212,212]
[9790][935,(142, 247),9788,E,370,211,211]
[9791][939,(142, 248),9790,E,371,210,210]
[9792][941,(142, 249),9791,E,372,209,209]
[9794][945,(141, 249),9792,N,373,210,210]
[9850][946,(141, 250),9794,E,374,209,209]
[9851][947,(140, 250),9850,N,375,210,210]
[9852][951,(140, 249),9851,O,376,211,211]
[9867][954,(139, 249),9852,N,377,212,212]
[9868][956,(138, 249),9867,N,378,213,213]
[9870][957,(138, 250),9868,E,379,212,212]
[9871][958,(137, 250),9870,N,380,213,213]
[9883][959,(137, 249),9871,O,381,214,214]
[9885][962,(136, 249),9883,N,382,215,215]
[9893][966,(136, 248),9885,O,383,216,216]
[9894][970,(136, 247),9893,O,384,217,217]
[9897][973,(136, 246),9894,O,385,218,218]
[9925][975,(136, 245),9897,O,386,219,219]
[9941][977,(135, 245),9925,N,387,220,220]
[9981][979,(134, 245),9941,N,388,221,221]
[9997][980,(133, 245),9981,N,389,222,222]
[10015][984,(132, 245),9997,N,390,223,223]
[10043][985,(132, 246),10015,E,391,222,222]
[10045][986,(132, 247),10043,E,392,221,221]
[10046][988,(131, 247),10045,N,393,222,222]
[10051][991,(131, 248),10046,E,394,221,221]
[10052][994,(131, 249),10051,E,395,220,220]
[10053][996,(130, 249),10052,N,396,221,221]
[10054][997,(130, 250),10053,E,397,220,220]
[10055][998,(129, 250),10054,N,398,221,221]
[10211][999,(128, 250),10055,N,399,222,222]
[10222][1002,(128, 249),10211,O,400,223,223]
[10229][1004,(127, 249),10222,N,401,224,224]
[10245][1005,(127, 250),10229,E,402,223,223]
[10246][1009,(126, 250),10245,N,403,224,224]
[10247][1011,(125, 250),10246,N,404,225,225]
[10263][1013,(125, 249),10247,O,405,226,226]
[10278][1015,(124, 249),10263,N,406,227,227]
[10293][1017,(123, 249),10278,N,407,228,228]
[10305][1020,(123, 248),10293,O,408,229,229]
[10322][1024,(123, 247),10305,O,409,230,230]
[10362][1028,(122, 247),10322,N,410,231,231]
[10374][1029,(122, 246),10362,O,411,232,232]
[10442][1032,(121, 246),10374,N,412,233,233]
[10483][1033,(121, 245),10442,O,413,234,234]
[10557][1034,(121, 244),10483,O,414,235,235]
[10579][1038,(120, 244),10557,N,415,236,236]
[10703][1041,(119, 244),10579,N,416,237,237]
[10751][1043,(119, 243),10703,O,417,238,238]
[10809][1045,(118, 243),10751,N,418,239,239]
[10819][1049,(118, 244),10809,E,419,238,238]
[10820][1050,(117, 244),10819,N,420,239,239]
[10821][1052,(117, 243),10820,O,421,240,240]
[10842][1055,(116, 243),10821,N,422,241,241]
[10857][1057,(116, 244),10842,E,423,240,240]
[10858][1059,(115, 244),10857,N,424,241,241]
[10861][1060,(115, 243),10858,O,425,242,242]
[11006][1063,(114, 243),10861,N,426,243,243]
[11041][1065,(114, 244),11006,E,427,242,242]
[11042][1066,(113, 244),11041,N,428,243,243]
[11539][1067,(113, 243),11042,O,429,244,244]
[11588][1070,(112, 243),11539,N,430,245,245]
[11605][1071,(111, 243),11588,N,431,246,246]
[11770][1075,(111, 242),11605,O,432,247,247]
[11796][1078,(111, 241),11770,O,433,248,248]
[11811][1079,(111, 240),11796,O,434,249,249]
[11821][1080,(112, 240),11811,S,435,248,248]
[11822][1084,(113, 240),11821,S,436,247,247]
[11823][1086,(113, 239),11822,O,437,248,248]
[11825][1090,(113, 238),11823,O,438,249,249]
[11826][1094,(113, 237),11825,O,439,250,250]
[11939][1096,(112, 237),11826,N,440,251,251]
[11964][1097,(111, 237),11939,N,441,252,252]
[11985][1101,(111, 236),11964,O,442,253,253]
[12013][1104,(111, 235),11985,O,443,254,254]
[12048][1106,(111, 234),12013,O,444,255,255]
[12069][1109,(110, 234),12048,N,445,256,256]
[12097][1111,(110, 235),12069,E,446,255,255]
[12098][1113,(109, 235),12097,N,447,256,256]
[12099][1115,(108, 235),12098,N,448,257,257]
[12104][1117,(107, 235),12099,N,449,258,258]
[12111][1119,(106, 235),12104,N,450,259,259]
[12114][1120,(106, 234),12111,O,451,260,260]
[12147][1121,(107, 234),12114,S,452,259,259]
[12148][1123,(107, 233),12147,O,453,260,260]
[12150][1124,(107, 232),12148,O,454,261,261]
[12166][1125,(106, 232),12150,N,455,262,262]
[12194][1128,(105, 232),12166,N,456,263,263]
[12208][1132,(105, 231),12194,O,457,264,264]
[12225][1134,(105, 230),12208,O,458,265,265]
[12264][1135,(104, 230),12225,N,459,266,266]
[12354][1137,(104, 229),12264,O,460,267,267]
[12363][1140,(104, 228),12354,O,461,268,268]
[12386][1142,(104, 227),12363,O,462,269,269]
[12440][1146,(103, 227),12386,N,463,270,270]
[12522][1147,(103, 226),12440,O,464,271,271]
[23332][1151,(103, 225),12522,O,465,272,272]
[23671][1155,(104, 225),23332,S,466,271,271]
[23672][1158,(104, 224),23671,O,467,272,272]
[23674][1162,(103, 224),23672,N,468,273,273]
[23691][1165,(103, 223),23674,O,469,274,274]
[23717][1169,(102, 223),23691,N,470,275,275]
[23800][1170,(102, 224),23717,E,471,274,274]
[23801][1172,(101, 224),23800,N,472,275,275]
[23804][1174,(101, 225),23801,E,473,274,274]
[23805][1177,(100, 225),23804,N,474,275,275]
[23809][1179,(99, 225),23805,N,475,276,276]
[23849][1183,(99, 226),23809,E,476,275,275]
[23851][1187,(99, 227),23849,E,477,274,274]
[23853][1191,(99, 228),23851,E,478,273,273]
[23854][1192,(100, 228),23853,S,479,272,272]
[23856][1193,(100, 229),23854,E,480,271,271]
[23857][1197,(99, 229),23856,N,481,272,272]
[23864][1201,(98, 229),23857,N,482,273,273]
[23865][1203,(97, 229),23864,N,483,274,274]
[23867][1207,(97, 230),23865,E,484,273,273]
[23868][1208,(96, 230),23867,N,485,274,274]
[23876][1212,(95, 230),23868,N,486,275,275]
[23878][1216,(95, 229),23876,O,487,276,276]
[23881][1218,(95, 228),23878,O,488,277,277]
[23904][1219,(96, 228),23881,S,489,276,276]
[23907][1221,(97, 228),23904,S,490,275,275]
[23908][1223,(97, 227),23907,O,491,276,276]
[23909][1226,(97, 226),23908,O,492,277,277]
[23910][1229,(97, 225),23909,O,493,278,278]
[23938][1233,(96, 225),23910,N,494,279,279]
[24424][1236,(95, 225),23938,N,495,280,280]
[24833][1240,(95, 226),24424,E,496,279,279]
[24834][1244,(94, 226),24833,N,497,280,280]
[24837][1248,(94, 227),24834,E,498,279,279]
[24838][1252,(93, 227),24837,N,499,280,280]
[24839][1255,(92, 227),24838,N,500,281,281]
[24880][1257,(92, 226),24839,O,501,282,282]
[24911][1259,(92, 225),24880,O,502,283,283]
[24937][1261,(91, 225),24911,N,503,284,284]
[24966][1264,(90, 225),24937,N,504,285,285]
[25899][1268,(90, 226),24966,E,505,284,284]
[25900][1270,(89, 226),25899,N,506,285,285]
[25927][1274,(88, 226),25900,N,507,286,286]
[25950][1276,(87, 226),25927,N,508,287,287]
[25973][1280,(86, 226),25950,N,509,288,288]
[26006][1281,(85, 226),25973,N,510,289,289]
[26022][1284,(84, 226),26006,N,511,290,290]
[26053][1287,(84, 225),26022,O,512,291,291]
[26081][1290,(83, 225),26053,N,513,292,292]
[26122][1294,(83, 226),26081,E,514,291,291]
[26123][1295,(82, 226),26122,N,515,292,292]
[26124][1297,(81, 226),26123,N,516,293,293]
[26138][1298,(80, 226),26124,N,517,294,294]
[26715][1302,(80, 227),26138,E,518,293,293]
[26716][1303,(79, 227),26715,N,519,294,294]
[26718][1306,(78, 227),26716,N,520,295,295]
[26765][1307,(78, 228),26718,E,521,294,294]
[26766][1309,(78, 229),26765,E,522,293,293]
[26768][1310,(78, 230),26766,E,523,292,292]
[26770][1312,(77, 230),26768,N,524,293,293]
[26775][1316,(76, 230),26770,N,525,294,294]
[26885][1318,(76, 229),26775,O,526,295,295]
[26888][1321,(76, 228),26885,O,527,296,296]
[26911][1325,(75, 228),26888,N,528,297,297]
[26939][1328,(75, 227),26911,O,529,298,298]
[26978][1329,(74, 227),26939,N,530,299,299]
[27185][1330,(74, 226),26978,O,531,300,300]
[27226][1331,(73, 226),27185,N,532,301,301]
[27253][1335,(72, 226),27226,N,533,302,302]
[27290][1336,(71, 226),27253,N,534,303,303]
[27353][1338,(71, 225),27290,O,535,304,304]
[27440][1342,(72, 225),27353,S,536,303,303]
[27441][1345,(73, 225),27440,S,537,302,302]
[27442][1346,(74, 225),27441,S,538,301,301]
[27443][1349,(75, 225),27442,S,539,300,300]
[27444][1350,(75, 224),27443,O,540,301,301]
[27446][1353,(74, 224),27444,N,541,302,302]
[27456][1357,(73, 224),27446,N,542,303,303]
[27459][1359,(73, 223),27456,O,543,304,304]
[27461][1361,(73, 222),27459,O,544,305,305]
[27499][1363,(72, 222),27461,N,545,306,306]
[27547][1367,(72, 221),27499,O,546,307,307]
[27564][1371,(71, 221),27547,N,547,308,308]
[27595][1374,(70, 221),27564,N,548,309,309]
[27650][1378,(70, 220),27595,O,549,310,310]
[27742][1380,(71, 220),27650,S,550,309,309]
[27743][1381,(71, 219),27742,O,551,310,310]
[27744][1382,(72, 219),27743,S,552,309,309]
[27747][1384,(73, 219),27744,S,553,308,308]
[27749][1386,(74, 219),27747,S,554,307,307]
[27750][1388,(74, 218),27749,O,555,308,308]
[27758][1391,(74, 217),27750,O,556,309,309]
[27760][1392,(75, 217),27758,S,557,308,308]
[27762][1395,(76, 217),27760,S,558,307,307]
[27763][1397,(76, 216),27762,O,559,308,308]
[27765][1400,(77, 216),27763,S,560,307,307]
[27766][1402,(77, 215),27765,O,561,308,308]
[27767][1406,(78, 215),27766,S,562,307,307]
[27768][1410,(78, 214),27767,O,563,308,308]
[27773][1413,(78, 213),27768,O,564,309,309]
[27776][1417,(78, 212),27773,O,565,310,310]
[27782][1418,(77, 212),27776,N,566,311,311]
[27850][1420,(77, 211),27782,O,567,312,312]
[27888][1424,(77, 210),27850,O,568,313,313]
[27917][1427,(78, 210),27888,S,569,312,312]
[27918][1428,(78, 209),27917,O,570,313,313]
[27919][1430,(78, 208),27918,O,571,314,314]
[27940][1433,(78, 207),27919,O,572,315,315]
[27971][1434,(77, 207),27940,N,573,316,316]
[28015][1435,(76, 207),27971,N,574,317,317]
[28058][1437,(75, 207),28015,N,575,318,318]
[28079][1441,(75, 206),28058,O,576,319,319]
[28090][1444,(75, 205),28079,O,577,320,320]
[28122][1445,(76, 205),28090,S,578,319,319]
[28123][1449,(76, 204),28122,O,579,320,320]
[28125][1451,(77, 204),28123,S,580,319,319]
[28126][1452,(78, 204),28125,S,581,318,318]
[28127][1456,(78, 203),28126,O,582,319,319]
[28222][1459,(78, 202),28127,O,583,320,320]
[28226][1462,(79, 202),28222,S,584,319,319]
[28227][1465,(79, 201),28226,O,585,320,320]
[28232][1468,(79, 200),28227,O,586,321,321]
[28240][1470,(79, 199),28232,O,587,322,322]
[28261][1472,(79, 198),28240,O,588,323,323]
[28275][1475,(78, 198),28261,N,589,324,324]
[28313][1479,(78, 199),28275,E,590,323,323]
[28314][1482,(77, 199),28313,N,591,324,324]
[28316][1486,(77, 198),28314,O,592,325,325]
[28369][1488,(76, 198),28316,N,593,326,326]
[28388][1490,(75, 198),28369,N,594,327,327]
[28406][1494,(74, 198),28388,N,595,328,328]
[28436][1497,(74, 199),28406,E,596,327,327]
[28437][1499,(73, 199),28436,N,597,328,328]
[28464][1502,(73, 200),28437,E,598,327,327]
[28465][1504,(72, 200),28464,N,599,328,328]
[28468][1507,(71, 200),28465,N,600,329,329]
[28473][1508,(71, 199),28468,O,601,330,330]
[28487][1509,(70, 199),28473,N,602,331,331]
[28510][1513,(69, 199),28487,N,603,332,332]
[28524][1515,(68, 199),28510,N,604,333,333]
[28533][1517,(68, 200),28524,E,605,332,332]
[28534][1519,(67, 200),28533,N,606,333,333]
[28540][1521,(66, 200),28534,N,607,334,334]
[28550][1525,(66, 199),28540,O,608,335,335]
[34461][1526,(65, 199),28550,N,609,336,336]
[34488][1527,(65, 200),34461,E,610,335,335]
[34489][1531,(65, 201),34488,E,611,334,334]
[34490][1532,(64, 201),34489,N,612,335,335]
[34491][1533,(63, 201),34490,N,613,336,336]
[34492][1537,(63, 202),34491,E,614,335,335]
[34493][1539,(63, 203),34492,E,615,334,334]
[34494][1542,(62, 203),34493,N,616,335,335]
[34499][1545,(62, 202),34494,O,617,336,336]
[34501][1549,(61, 202),34499,N,618,337,337]
[34577][1551,(60, 202),34501,N,619,338,338]
[34664][1555,(60, 203),34577,E,620,337,337]
[34665][1556,(60, 204),34664,E,621,336,336]
[34666][1560,(60, 205),34665,E,622,335,335]
[34668][1564,(59, 205),34666,N,623,336,336]
[34675][1568,(58, 205),34668,N,624,337,337]
[34678][1572,(57, 205),34675,N,625,338,338]
[34681][1575,(56, 205),34678,N,626,339,339]
[34712][1578,(56, 204),34681,O,627,340,340]
[35008][1581,(57, 204),34712,S,628,339,339]
[35009][1585,(57, 203),35008,O,629,340,340]
[35011][1589,(58, 203),35009,S,630,339,339]
[35012][1590,(58, 202),35011,O,631,340,340]
[35013][1593,(57, 202),35012,N,632,341,341]
[35128][1597,(57, 201),35013,O,633,342,342]
[35166][1599,(57, 200),35128,O,634,343,343]
[35250][1600,(56, 200),35166,N,635,344,344]
[35306][1601,(56, 199),35250,O,636,345,345]
[35397][1602,(56, 198),35306,O,637,346,346]
[35465][1606,(55, 198),35397,N,638,347,347]
[35498][1608,(54, 198),35465,N,639,348,348]
[35575][1610,(53, 198),35498,N,640,349,349]
[36503][1614,(53, 197),35575,O,641,350,350]
[36547][1616,(54, 197),36503,S,642,349,349]
[36548][1618,(54, 196),36547,O,643,350,350]
[36549][1619,(53, 196),36548,N,644,351,351]
[36692][1621,(52, 196),36549,N,645,352,352]
[36788][1622,(51, 196),36692,N,646,353,353]
[36902][1624,(51, 197),36788,E,647,352,352]
[36903][1626,(51, 198),36902,E,648,351,351]
[36904][1630,(50, 198),36903,N,649,352,352]
[36927][1632,(50, 197),36904,O,650,353,353]
[36928][1635,(49, 197),36927,N,651,354,354]
[36962][1637,(48, 197),36928,N,652,355,355]
[37540][1641,(47, 197),36962,N,653,356,356]
[37825][1645,(47, 198),37540,E,654,355,355]
[37827][1649,(48, 198),37825,S,655,354,354]
[37828][1653,(48, 199),37827,E,656,353,353]
[37829][1656,(47, 199),37828,N,657,354,354]
[37830][1660,(46, 199),37829,N,658,355,355]
[37831][1663,(46, 200),37830,E,659,354,354]
[37833][1664,(46, 201),37831,E,660,353,353]
[37835][1667,(46, 202),37833,E,661,352,352]
[37836][1669,(46, 203),37835,E,662,351,351]
[37839][1670,(46, 204),37836,E,663,350,350]
[37840][1674,(45, 204),37839,N,664,351,351]
[37841][1677,(45, 205),37840,E,665,350,350]
[37842][1681,(44, 205),37841,N,666,351,351]
[37843][1683,(43, 205),37842,N,667,352,352]
[37852][1684,(42, 205),37843,N,668,353,353]
[37855][1686,(41, 205),37852,N,669,354,354]
[37858][1687,(40, 205),37855,N,670,355,355]
[37861][1691,(39, 205),37858,N,671,356,356]
[37980][1693,(39, 204),37861,O,672,357,357]
[38064][1697,(40, 204),37980,S,673,356,356]
[38065][1700,(40, 203),38064,O,674,357,357]
[38066][1703,(40, 202),38065,O,675,358,358]
[38168][1705,(40, 201),38066,O,676,359,359]
[38307][1709,(39, 201),38168,N,677,360,360]
[38372][1712,(39, 200),38307,O,678,361,361]
[38570][1713,(38, 200),38372,N,679,362,362]
[38748][1715,(38, 199),38570,O,680,363,363]
[38870][1718,(37, 199),38748,N,681,364,364]
[38944][1721,(36, 199),38870,N,682,365,365]
[38982][1725,(35, 199),38944,N,683,366,366]
[39044][1728,(35, 200),38982,E,684,365,365]
[39045][1731,(35, 201),39044,E,685,364,364]
[39047][1732,(35, 202),39045,E,686,363,363]
[39049][1734,(35, 203),39047,E,687,362,362]
[39051][1736,(36, 203),39049,S,688,361,361]
[39052][1737,(36, 204),39051,E,689,360,360]
[39053][1741,(37, 204),39052,S,690,359,359]
[39055][1744,(37, 205),39053,E,691,358,358]
[39056][1746,(36, 205),39055,N,692,359,359]
[39058][1747,(35, 205),39056,N,693,360,360]
[39061][1749,(35, 206),39058,E,694,359,359]
[39063][1751,(35, 207),39061,E,695,358,358]
[39064][1753,(36, 207),39063,S,696,357,357]
[39065][1756,(37, 207),39064,S,697,356,356]
[39066][1760,(37, 208),39065,E,698,355,355]
[39069][1762,(37, 209),39066,E,699,354,354]
[39070][1765,(37, 210),39069,E,700,353,353]
[39071][1766,(36, 210),39070,N,701,354,354]
[39104][1768,(35, 210),39071,N,702,355,355]
[39107][1770,(34, 210),39104,N,703,356,356]
[39116][1773,(33, 210),39107,N,704,357,357]
[39120][1774,(32, 210),39116,N,705,358,358]
[39124][1778,(31, 210),39120,N,706,359,359]
[39130][1782,(31, 209),39124,O,707,360,360]
[39133][1783,(30, 209),39130,N,708,361,361]
[39144][1787,(29, 209),39133,N,709,362,362]
[39149][1788,(28, 209),39144,N,710,363,363]
[39156][1792,(28, 208),39149,O,711,364,364]
[39159][1793,(27, 208),39156,N,712,365,365]
[39161][1796,(27, 207),39159,O,713,366,366]
[39164][1798,(28, 207),39161,S,714,365,365]
[39165][1801,(29, 207),39164,S,715,364,364]
[39166][1803,(29, 206),39165,O,716,365,365]
[39167][1807,(29, 205),39166,O,717,366,366]
[39168][1810,(28, 205),39167,N,718,367,367]
[39236][1813,(28, 204),39168,O,719,368,368]
[39288][1814,(27, 204),39236,N,720,369,369]
[39355][1816,(27, 205),39288,E,721,368,368]
[39356][1817,(26, 205),39355,N,722,369,369]
[39357][1819,(26, 204),39356,O,723,370,370]
[39551][1821,(25, 204),39357,N,724,371,371]
[39620][1822,(25, 205),39551,E,725,370,370]
[39621][1826,(25, 206),39620,E,726,369,369]
[39622][1828,(24, 206),39621,N,727,370,370]
[39627][1831,(24, 207),39622,E,728,369,369]
[39628][1835,(24, 208),39627,E,729,368,368]
[39630][1837,(25, 208),39628,S,730,367,367]
[39631][1841,(26, 208),39630,S,731,366,366]
[39632][1844,(26, 209),39631,E,732,365,365]
[39633][1845,(25, 209),39632,N,733,366,366]
[39634][1848,(24, 209),39633,N,734,367,367]
[39640][1849,(23, 209),39634,N,735,368,368]
[39641][1853,(22, 209),39640,N,736,369,369]
[39642][1857,(22, 208),39641,O,737,370,370]
[46415][1860,(21, 208),39642,N,738,371,371]
[46639][1862,(20, 208),46415,N,739,372,372]
[46826][1863,(20, 209),46639,E,740,371,371]
[46827][1865,(19, 209),46826,N,741,372,372]
[46830][1866,(19, 208),46827,O,742,373,373]
[62288][1870,(18, 208),46830,N,743,374,374]
[62432][1873,(17, 208),62288,N,744,375,375]
[62504][1875,(16, 208),62432,N,745,376,376]
[62577][1876,(15, 208),62504,N,746,377,377]
[62682][1879,(15, 207),62577,O,747,378,378]
[62744][1880,(16, 207),62682,S,748,377,377]
[62745][1884,(16, 206),62744,O,749,378,378]
[62747][1887,(15, 206),62745,N,750,379,379]
[62855][1891,(14, 206),62747,N,751,380,380]
[63014][1894,(13, 206),62855,N,752,381,381]
[63047][1897,(13, 207),63014,E,753,380,380]
[63048][1900,(12, 207),63047,N,754,381,381]
[63055][1904,(12, 208),63048,E,755,380,380]
[63056][1905,(12, 209),63055,E,756,379,379]
[63057][1906,(12, 210),63056,E,757,378,378]
[63058][1910,(11, 210),63057,N,758,379,379]
[63080][1911,(11, 211),63058,E,759,378,378]
[63081][1914,(10, 211),63080,N,760,379,379]
[63084][1915,(10, 210),63081,O,761,380,380]
[63113][1919,(10, 209),63084,O,762,381,381]
[63119][1922,(11, 209),63113,S,763,380,380]
[63120][1924,(11, 208),63119,O,764,381,381]
[63121][1928,(10, 208),63120,N,765,382,382]
[63169][1929,(9, 208),63121,N,766,383,383]
[63201][1932,(8, 208),63169,N,767,384,384]
[63244][1936,(7, 208),63201,N,768,385,385]
[63269][1937,(7, 207),63244,O,769,386,386]
[63298][1941,(8, 207),63269,S,770,385,385]
[63299][1944,(8, 206),63298,O,771,386,386]
[63301][1945,(9, 206),63299,S,772,385,385]
[63302][1946,(9, 205),63301,O,773,386,386]
[63303][1948,(9, 204),63302,O,774,387,387]
[63344][1951,(8, 204),63303,N,775,388,388]
[63362][1952,(8, 203),63344,O,776,389,389]
[63637][1954,(7, 203),63362,N,777,390,390]
[63677][1957,(7, 202),63637,O,778,391,391]
[63738][1959,(8, 202),63677,S,779,390,390]
[63739][1963,(9, 202),63738,S,780,389,389]
[63741][1964,(9, 203),63739,E,781,388,388]
[63742][1968,(10, 203),63741,S,782,387,387]
[63743][1969,(10, 202),63742,O,783,388,388]
[63744][1972,(10, 201),63743,O,784,389,389]
[63749][1975,(10, 200),63744,O,785,390,390]
[63751][1977,(9, 200),63749,N,786,391,391]
[63754][1978,(9, 199),63751,O,787,392,392]
[63774][1982,(9, 198),63754,O,788,393,393]
[63793][1984,(9, 197),63774,O,789,394,394]
[63819][1986,(10, 197),63793,S,790,393,393]
[63820][1987,(10, 196),63819,O,791,394,394]
[63821][1991,(11, 196),63820,S,792,393,393]
[63822][1994,(11, 195),63821,O,793,394,394]
[63825][1995,(12, 195),63822,S,794,393,393]
[63826][1996,(13, 195),63825,S,795,392,392]
[63827][1999,(14, 195),63826,S,796,391,391]
[63828][2002,(14, 194),63827,O,797,392,392]
[63830][2003,(14, 193),63828,O,798,393,393]
[63844][2007,(14, 192),63830,O,799,394,394]
[63847][2010,(14, 191),63844,O,800,395,395]
[63949][2013,(14, 190),63847,O,801,396,396]
[63975][2014,(14, 189),63949,O,802,397,397]
[63987][2018,(13, 189),63975,N,803,398,398]
[64077][2022,(13, 188),63987,O,804,399,399]
[64098][2026,(14, 188),64077,S,805,398,398]
[64099][2030,(14, 187),64098,O,806,399,399]
[64100][2031,(15, 187),64099,S,807,398,398]
[64101][2032,(15, 186),64100,O,808,399,399]
[64104][2035,(16, 186),64101,S,809,398,398]
[64106][2037,(17, 186),64104,S,810,397,397]
[64108][2041,(17, 187),64106,E,811,396,396]
[64110][2045,(18, 187),64108,S,812,395,395]
[64112][2047,(18, 188),64110,E,813,394,394]
[64115][2051,(19, 188),64112,S,814,393,393]
[64116][2052,(19, 189),64115,E,815,392,392]
[64118][2053,(19, 190),64116,E,816,391,391]
[64121][2054,(20, 190),64118,S,817,390,390]
[64129][2056,(20, 191),64121,E,818,389,389]
[64130][2059,(20, 192),64129,E,819,388,388]
[64131][2060,(21, 192),64130,S,820,387,387]
[64133][2063,(22, 192),64131,S,821,386,386]
[64141][2066,(23, 192),64133,S,822,385,385]
[64143][2067,(24, 192),64141,S,823,384,384]
[64146][2071,(25, 192),64143,S,824,383,383]
[64286][2074,(26, 192),64146,S,825,382,382]
[64287][2075,(26, 191),64286,O,826,383,383]
[64292][2079,(27, 191),64287,S,827,382,382]
[64293][2083,(27, 190),64292,O,828,383,383]
[64295][2087,(27, 189),64293,O,829,384,384]
[64301][2090,(26, 189),64295,N,830,385,385]
[64321][2092,(26, 188),64301,O,831,386,386]
[64329][2096,(26, 187),64321,O,832,387,387]
[64334][2100,(26, 186),64329,O,833,388,388]
[64339][2102,(27, 186),64334,S,834,387,387]
[64340][2105,(27, 185),64339,O,835,388,388]
[64341][2108,(27, 184),64340,O,836,389,389]
[64344][2111,(26, 184),64341,N,837,390,390]
[64358][2114,(25, 184),64344,N,838,391,391]
[64362][2118,(24, 184),64358,N,839,392,392]
[64365][2121,(24, 183),64362,O,840,393,393]
[64373][2124,(24, 182),64365,O,841,394,394]
[64376][2125,(25, 182),64373,S,842,393,393]
[64377][2128,(25, 181),64376,O,843,394,394]
[64379][2131,(24, 181),64377,N,844,395,395]
[64387][2132,(23, 181),64379,N,845,396,396]
[64399][2135,(22, 181),64387,N,846,397,397]
[64402][2139,(22, 180),64399,O,847,398,398]
[64404][2140,(22, 179),64402,O,848,399,399]
[64406][2142,(22, 178),64404,O,849,400,400]
[64432][2145,(21, 178),64406,N,850,401,401]
[64452][2149,(21, 177),64432,O,851,402,402]
[64468][2153,(21, 176),64452,O,852,403,403]
[64521][2155,(21, 175),64468,O,853,404,404]
[64606][2159,(21, 174),64521,O,854,405,405]
[64729][2162,(22, 174),64606,S,855,404,404]
[64731][2164,(23, 174),64729,S,856,403,403]
[64733][2168,(24, 174),64731,S,857,402,402]
[64734][2172,(25, 174),64733,S,858,401,401]
[64735][2176,(25, 175),64734,E,859,400,400]
[64737][2179,(25, 176),64735,E,860,399,399]
[64740][2182,(26, 176),64737,S,861,398,398]
[64741][2184,(26, 177),64740,E,862,397,397]
[64743][2186,(27, 177),64741,S,863,396,396]
[64744][2190,(27, 176),64743,O,864,397,397]
[64747][2193,(27, 175),64744,O,865,398,398]
[64750][2196,(27, 174),64747,O,866,399,399]
[64764][2199,(27, 173),64750,O,867,400,400]
[64765][2202,(27, 172),64764,O,868,401,401]
[64766][2206,(26, 172),64765,N,869,402,402]
[64770][2209,(26, 171),64766,O,870,403,403]
[64771][2211,(27, 171),64770,S,871,402,402]
[64772][2212,(27, 170),64771,O,872,403,403]
[64773][2214,(26, 170),64772,N,873,404,404]
[64807][2216,(26, 169),64773,O,874,405,405]
[64814][2220,(26, 168),64807,O,875,406,406]
[65746][2221,(25, 168),64814,N,876,407,407]
[65801][2222,(25, 167),65746,O,877,408,408]
[65836][2223,(24, 167),65801,N,878,409,409]
[65855][2226,(24, 166),65836,O,879,410,410]
[65959][2228,(24, 165),65855,O,880,411,411]
[65990][2230,(24, 164),65959,O,881,412,412]
[66040][2231,(24, 163),65990,O,882,413,413]
[66070][2235,(23, 163),66040,N,883,414,414]
[66126][2237,(23, 162),66070,O,884,415,415]
[66146][2240,(22, 162),66126,N,885,416,416]
[66166][2241,(22, 161),66146,O,886,417,417]
[66188][2243,(21, 161),66166,N,887,418,418]
[66229][2245,(20, 161),66188,N,888,419,419]
[66247][2248,(20, 160),66229,O,889,420,420]
[66270][2250,(20, 159),66247,O,890,421,421]
[69764][2252,(21, 159),66270,S,891,420,420]
[69766][2254,(22, 159),69764,S,892,419,419]
[69768][2256,(22, 158),69766,O,893,420,420]
[69770][2258,(23, 158),69768,S,894,419,419]
[69772][2260,(24, 158),69770,S,895,418,418]
[69776][2261,(25, 158),69772,S,896,417,417]
[69777][2262,(25, 159),69776,E,897,416,416]
[69779][2263,(26, 159),69777,S,898,415,415]
[69780][2266,(26, 158),69779,O,899,416,416]
[69841][2267,(26, 157),69780,O,900,417,417]
[72475][2268,(26, 156),69841,O,901,418,418]
[72513][2272,(26, 155),72475,O,902,419,419]
[72546][2276,(26, 154),72513,O,903,420,420]
[72565][2280,(26, 153),72546,O,904,421,421]
[72635][2283,(26, 152),72565,O,905,422,422]
[72836][2286,(26, 151),72635,O,906,423,423]
[72927][2288,(26, 150),72836,O,907,424,424]
[73074][2291,(26, 149),72927,O,908,425,425]
[73707][2295,(26, 148),73074,O,909,426,426]
[73975][2299,(26, 147),73707,O,910,427,427]
[74329][2300,(26, 146),73975,O,911,428,428]
[74428][2304,(25, 146),74329,N,912,429,429]
[74536][2307,(24, 146),74428,N,913,430,430]
[74672][2310,(23, 146),74536,N,914,431,431]
[74728][2311,(23, 147),74672,E,915,430,430]
[74729][2312,(23, 148),74728,E,916,429,429]
[74730][2316,(22, 148),74729,N,917,430,430]
[74732][2317,(22, 147),74730,O,918,431,431]
[74733][2318,(21, 147),74732,N,919,432,432]
[74843][2322,(20, 147),74733,N,920,433,433]
[74887][2325,(20, 146),74843,O,921,434,434]
[74986][2328,(20, 145),74887,O,922,435,435]
[75121][2329,(19, 145),74986,N,923,436,436]
[75261][2332,(19, 144),75121,O,924,437,437]
[75304][2333,(18, 144),75261,N,925,438,438]
[75385][2334,(18, 143),75304,O,926,439,439]
[75423][2336,(19, 143),75385,S,927,438,438]
[75424][2340,(19, 142),75423,O,928,439,439]
[75426][2342,(19, 141),75424,O,929,440,440]
[75483][2344,(19, 140),75426,O,930,441,441]
[75640][2346,(20, 140),75483,S,931,440,440]
[75641][2348,(20, 139),75640,O,932,441,441]
[75643][2350,(21, 139),75641,S,933,440,440]
[75645][2352,(22, 139),75643,S,934,439,439]
[75646][2354,(23, 139),75645,S,935,438,438]
[75647][2358,(23, 138),75646,O,936,439,439]
[75650][2361,(24, 138),75647,S,937,438,438]
[75651][2365,(25, 138),75650,S,938,437,437]
[75654][2369,(26, 138),75651,S,939,436,436]
[75658][2373,(26, 137),75654,O,940,437,437]
[75659][2377,(26, 136),75658,O,941,438,438]
[75660][2379,(25, 136),75659,N,942,439,439]
[75661][2381,(25, 135),75660,O,943,440,440]
[75664][2385,(24, 135),75661,N,944,441,441]
[75668][2387,(24, 134),75664,O,945,442,442]
[75710][2389,(24, 133),75668,O,946,443,443]
[75840][2391,(24, 132),75710,O,947,444,444]
[75908][2395,(25, 132),75840,S,948,443,443]
[75910][2399,(26, 132),75908,S,949,442,442]
[75911][2401,(26, 133),75910,E,950,441,441]
[75913][2402,(27, 133),75911,S,951,440,440]
[75914][2406,(27, 134),75913,E,952,439,439]
[75917][2410,(28, 134),75914,S,953,438,438]
[75918][2414,(28, 135),75917,E,954,437,437]
[75919][2416,(29, 135),75918,S,955,436,436]
[75921][2417,(30, 135),75919,S,956,435,435]
[75922][2418,(30, 134),75921,O,957,436,436]
[75944][2419,(31, 134),75922,S,958,435,435]
[75946][2422,(32, 134),75944,S,959,434,434]
[75947][2425,(32, 133),75946,O,960,435,435]
[75949][2429,(33, 133),75947,S,961,434,434]
[75951][2432,(33, 134),75949,E,962,433,433]
[75953][2433,(34, 134),75951,S,963,432,432]
[75954][2437,(34, 135),75953,E,964,431,431]
[75957][2440,(35, 135),75954,S,965,430,430]
[75958][2443,(35, 136),75957,E,966,429,429]
[75959][2447,(36, 136),75958,S,967,428,428]
[75961][2448,(36, 137),75959,E,968,427,427]
[75963][2452,(36, 138),75961,E,969,426,426]
[75964][2456,(36, 139),75963,E,970,425,425]
[75966][2459,(37, 139),75964,S,971,424,424]
[75967][2461,(37, 140),75966,E,972,423,423]
[75968][2464,(37, 141),75967,E,973,422,422]
[75969][2465,(37, 142),75968,E,974,421,421]
[75971][2467,(38, 142),75969,S,975,420,420]
[75972][2470,(38, 141),75971,O,976,421,421]
[75974][2471,(38, 140),75972,O,977,422,422]
[75976][2475,(38, 139),75974,O,978,423,423]
[75979][2479,(39, 139),75976,S,979,422,422]
[75982][2481,(40, 139),75979,S,980,421,421]
[75986][2482,(41, 139),75982,S,981,420,420]
[75987][2484,(41, 138),75986,O,982,421,421]
[75988][2487,(41, 137),75987,O,983,422,422]
[75990][2490,(42, 137),75988,S,984,421,421]
[75992][2492,(43, 137),75990,S,985,420,420]
[75994][2494,(44, 137),75992,S,986,419,419]
[75997][2497,(44, 136),75994,O,987,420,420]
[76007][2501,(44, 135),75997,O,988,421,421]
[76016][2502,(44, 134),76007,O,989,422,422]
[76020][2504,(45, 134),76016,S,990,421,421]
[76021][2505,(45, 133),76020,O,991,422,422]
[76023][2508,(46, 133),76021,S,992,421,421]
[76024][2510,(46, 132),76023,O,993,422,422]
[76026][2514,(47, 132),76024,S,994,421,421]
[76027][2515,(47, 133),76026,E,995,420,420]
[76029][2517,(48, 133),76027,S,996,419,419]
[76030][2518,(48, 134),76029,E,997,418,418]
[76031][2519,(49, 134),76030,S,998,417,417]
[76032][2521,(50, 134),76031,S,999,416,416]
[76033][2522,(50, 133),76032,O,1000,417,417]
[76052][2524,(51, 133),76033,S,1001,416,416]
[76053][2525,(51, 132),76052,O,1002,417,417]
[76054][2526,(52, 132),76053,S,1003,416,416]
[76055][2529,(52, 131),76054,O,1004,417,417]
[76056][2532,(52, 130),76055,O,1005,418,418]
[76057][2535,(52, 129),76056,O,1006,419,419]
[76059][2536,(52, 128),76057,O,1007,420,420]
[76063][2537,(53, 128),76059,S,1008,419,419]
[76064][2540,(53, 127),76063,O,1009,420,420]
[76066][2542,(54, 127),76064,S,1010,419,419]
[76067][2544,(54, 126),76066,O,1011,420,420]
[76086][2546,(54, 125),76067,O,1012,421,421]
[76088][2550,(54, 124),76086,O,1013,422,422]
[76093][2553,(53, 124),76088,N,1014,423,423]
[76103][2556,(53, 125),76093,E,1015,422,422]
[76104][2557,(52, 125),76103,N,1016,423,423]
[76107][2561,(52, 124),76104,O,1017,424,424]
[76115][2563,(51, 124),76107,N,1018,425,425]
[76135][2566,(51, 123),76115,O,1019,426,426]
[76180][2568,(52, 123),76135,S,1020,425,425]
[76181][2570,(52, 122),76180,O,1021,426,426]
[76206][2572,(52, 121),76181,O,1022,427,427]
[76216][2573,(51, 121),76206,N,1023,428,428]
[76232][2576,(50, 121),76216,N,1024,429,429]
[76248][2579,(50, 120),76232,O,1025,430,430]
[76262][2582,(49, 120),76248,N,1026,431,431]
[76268][2583,(48, 120),76262,N,1027,432,432]
[76275][2584,(48, 119),76268,O,1028,433,433]
[76307][2587,(48, 118),76275,O,1029,434,434]
[76314][2588,(49, 118),76307,S,1030,433,433]
[76315][2589,(49, 117),76314,O,1031,434,434]
[76316][2590,(49, 116),76315,O,1032,435,435]
[76368][2594,(49, 115),76316,O,1033,436,436]
[76379][2595,(49, 114),76368,O,1034,437,437]
[76393][2597,(48, 114),76379,N,1035,438,438]
[76400][2598,(47, 114),76393,N,1036,439,439]
[76428][2600,(47, 113),76400,O,1037,440,440]
[76441][2602,(48, 113),76428,S,1038,439,439]
[76442][2606,(48, 112),76441,O,1039,440,440]
[76444][2608,(49, 112),76442,S,1040,439,439]
[76445][2610,(50, 112),76444,S,1041,438,438]
[76446][2613,(50, 111),76445,O,1042,439,439]
[76451][2614,(50, 110),76446,O,1043,440,440]
[76453][2616,(51, 110),76451,S,1044,439,439]
[76454][2620,(52, 110),76453,S,1045,438,438]
[76455][2622,(52, 109),76454,O,1046,439,439]
[76457][2623,(53, 109),76455,S,1047,438,438]
[76458][2624,(53, 108),76457,O,1048,439,439]
[76461][2628,(53, 107),76458,O,1049,440,440]
[76484][2630,(54, 107),76461,S,1050,439,439]
[76485][2634,(54, 106),76484,O,1051,440,440]
[76486][2637,(54, 105),76485,O,1052,441,441]
[76492][2638,(54, 104),76486,O,1053,442,442]
[76513][2642,(54, 103),76492,O,1054,443,443]
[76531][2646,(53, 103),76513,N,1055,444,444]
[76589][2647,(52, 103),76531,N,1056,445,445]
[76661][2650,(51, 103),76589,N,1057,446,446]
[76719][2653,(51, 102),76661,O,1058,447,447]
[76835][2656,(50, 102),76719,N,1059,448,448]
[76860][2658,(50, 103),76835,E,1060,447,447]
[76861][2659,(49, 103),76860,N,1061,448,448]
[76862][2661,(49, 104),76861,E,1062,447,447]
[76863][2662,(50, 104),76862,S,1063,446,446]
[76864][2663,(50, 105),76863,E,1064,445,445]
[76865][2667,(49, 105),76864,N,1065,446,446]
[76870][2668,(48, 105),76865,N,1066,447,447]
[76871][2671,(48, 106),76870,E,1067,446,446]
[76872][2674,(47, 106),76871,N,1068,447,447]
[76875][2677,(46, 106),76872,N,1069,448,448]
[76876][2680,(46, 107),76875,E,1070,447,447]
[76877][2684,(45, 107),76876,N,1071,448,448]
[76880][2688,(45, 108),76877,E,1072,447,447]
[76881][2691,(45, 109),76880,E,1073,446,446]
[76882][2692,(44, 109),76881,N,1074,447,447]
[76895][2693,(43, 109),76882,N,1075,448,448]
[76898][2694,(43, 110),76895,E,1076,447,447]
[76900][2698,(43, 111),76898,E,1077,446,446]
[76901][2699,(42, 111),76900,N,1078,447,447]
[76902][2700,(41, 111),76901,N,1079,448,448]
[76903][2702,(40, 111),76902,N,1080,449,449]
[76957][2703,(40, 110),76903,O,1081,450,450]
[77106][2706,(39, 110),76957,N,1082,451,451]
[77134][2709,(38, 110),77106,N,1083,452,452]
[77194][2712,(37, 110),77134,N,1084,453,453]
[77235][2713,(36, 110),77194,N,1085,454,454]
[77474][2714,(36, 109),77235,O,1086,455,455]
[77588][2717,(36, 108),77474,O,1087,456,456]
[77699][2719,(37, 108),77588,S,1088,455,455]
[77700][2720,(37, 107),77699,O,1089,456,456]
[77701][2722,(38, 107),77700,S,1090,455,455]
[77702][2726,(38, 108),77701,E,1091,454,454]
[77703][2730,(39, 108),77702,S,1092,453,453]
[77704][2732,(39, 107),77703,O,1093,454,454]
[77705][2734,(39, 106),77704,O,1094,455,455]
[77706][2738,(38, 106),77705,N,1095,456,456]
[77707][2739,(37, 106),77706,N,1096,457,457]
[77822][2740,(37, 105),77707,O,1097,458,458]
[77945][2741,(36, 105),77822,N,1098,459,459]
[77966][2744,(36, 104),77945,O,1099,460,460]
[77981][2746,(35, 104),77966,N,1100,461,461]
[78001][2748,(35, 105),77981,E,1101,460,460]
[78003][2752,(35, 106),78001,E,1102,459,459]
[78004][2753,(35, 107),78003,E,1103,458,458]
[78005][2754,(35, 108),78004,E,1104,457,457]
[78006][2755,(34, 108),78005,N,1105,458,458]
[78007][2758,(34, 107),78006,O,1106,459,459]
[78008][2762,(33, 107),78007,N,1107,460,460]
[78009][2766,(33, 106),78008,O,1108,461,461]
[78023][2770,(33, 105),78009,O,1109,462,462]
[78532][2771,(33, 104),78023,O,1110,463,463]
[78548][2775,(32, 104),78532,N,1111,464,464]
[78583][2779,(32, 103),78548,O,1112,465,465]
[78629][2783,(32, 102),78583,O,1113,466,466]
[78694][2787,(32, 101),78629,O,1114,467,467]
[78737][2791,(32, 100),78694,O,1115,468,468]
[78767][2795,(32, 99),78737,O,1116,469,469]
[79238][2796,(31, 99),78767,N,1117,470,470]
[79289][2797,(30, 99),79238,N,1118,471,471]
[79340][2801,(29, 99),79289,N,1119,472,472]
[79441][2805,(29, 98),79340,O,1120,473,473]
[79456][2806,(28, 98),79441,N,1121,474,474]
[81050][2807,(27, 98),79456,N,1122,475,475]
[81159][2811,(27, 97),81050,O,1123,476,476]
[81224][2814,(28, 97),81159,S,1124,475,475]
[81226][2816,(29, 97),81224,S,1125,474,474]
[81227][2819,(29, 96),81226,O,1126,475,475]
[81231][2823,(29, 95),81227,O,1127,476,476]
[81234][2826,(30, 95),81231,S,1128,475,475]
[81235][2829,(30, 94),81234,O,1129,476,476]
[81236][2833,(30, 93),81235,O,1130,477,477]
[81350][2836,(31, 93),81236,S,1131,476,476]
[81352][2838,(32, 93),81350,S,1132,475,475]
[81354][2840,(33, 93),81352,S,1133,474,474]
[81356][2843,(33, 92),81354,O,1134,475,475]
[81420][2844,(33, 91),81356,O,1135,476,476]
[81446][2848,(33, 90),81420,O,1136,477,477]
[81454][2850,(32, 90),81446,N,1137,478,478]
[81486][2852,(31, 90),81454,N,1138,479,479]
[81520][2855,(30, 90),81486,N,1139,480,480]
[81916][2858,(29, 90),81520,N,1140,481,481]
[81981][2861,(28, 90),81916,N,1141,482,482]
[82060][2862,(28, 89),81981,O,1142,483,483]
[82095][2863,(27, 89),82060,N,1143,484,484]
[82162][2865,(27, 88),82095,O,1144,485,485]
[82262][2869,(27, 87),82162,O,1145,486,486]
[82403][2870,(27, 86),82262,O,1146,487,487]
[82503][2873,(26, 86),82403,N,1147,488,488]
[82560][2876,(25, 86),82503,N,1148,489,489]
[82610][2877,(25, 85),82560,O,1149,490,490]
[82663][2881,(25, 84),82610,O,1150,491,491]
[82692][2885,(25, 83),82663,O,1151,492,492]
[83065][2888,(26, 83),82692,S,1152,491,491]
[83066][2890,(26, 82),83065,O,1153,492,492]
[83070][2891,(27, 82),83066,S,1154,491,491]
[83071][2895,(27, 81),83070,O,1155,492,492]
[83072][2899,(28, 81),83071,S,1156,491,491]
[83073][2901,(29, 81),83072,S,1157,490,490]
[83074][2903,(29, 80),83073,O,1158,491,491]
[83106][2904,(28, 80),83074,N,1159,492,492]
[83110][2906,(28, 79),83106,O,1160,493,493]
[83244][2909,(27, 79),83110,N,1161,494,494]
[83287][2913,(26, 79),83244,N,1162,495,495]
[83352][2915,(26, 80),83287,E,1163,494,494]
[83353][2916,(25, 80),83352,N,1164,495,495]
[83355][2919,(24, 80),83353,N,1165,496,496]
[83538][2922,(24, 79),83355,O,1166,497,497]
[83595][2926,(24, 78),83538,O,1167,498,498]
[83640][2929,(23, 78),83595,N,1168,499,499]
[83669][2931,(23, 77),83640,O,1169,500,500]
[83756][2933,(23, 76),83669,O,1170,501,501]
[83804][2937,(24, 76),83756,S,1171,500,500]
[83805][2941,(25, 76),83804,S,1172,499,499]
[83807][2943,(26, 76),83805,S,1173,498,498]
[83811][2944,(26, 75),83807,O,1174,499,499]
[83817][2947,(26, 74),83811,O,1175,500,500]
[83855][2951,(25, 74),83817,N,1176,501,501]
[83861][2952,(25, 73),83855,O,1177,502,502]
[83913][2953,(25, 72),83861,O,1178,503,503]
[83951][2957,(25, 71),83913,O,1179,504,504]
[84001][2961,(25, 70),83951,O,1180,505,505]
[84052][2962,(24, 70),84001,N,1181,506,506]
[84118][2966,(24, 69),84052,O,1182,507,507]
[84151][2969,(24, 68),84118,O,1183,508,508]
[84193][2970,(25, 68),84151,S,1184,507,507]
[84194][2971,(25, 67),84193,O,1185,508,508]
[84197][2972,(26, 67),84194,S,1186,507,507]
[84198][2974,(26, 66),84197,O,1187,508,508]
[84200][2976,(27, 66),84198,S,1188,507,507]
[84202][2980,(27, 67),84200,E,1189,506,506]
[84203][2983,(28, 67),84202,S,1190,505,505]
[84204][2986,(28, 66),84203,O,1191,506,506]
[84208][2990,(28, 65),84204,O,1192,507,507]
[84209][2991,(28, 64),84208,O,1193,508,508]
[84212][2995,(29, 64),84209,S,1194,507,507]
[84213][2997,(29, 63),84212,O,1195,508,508]
[84216][2999,(30, 63),84213,S,1196,507,507]
[84217][3002,(30, 62),84216,O,1197,508,508]
[84218][3003,(31, 62),84217,S,1198,507,507]
[84219][3005,(31, 61),84218,O,1199,508,508]
[84230][3007,(31, 60),84219,O,1200,509,509]
[84304][3008,(31, 59),84230,O,1201,510,510]
[84327][3011,(30, 59),84304,N,1202,511,511]
[84412][3013,(30, 58),84327,O,1203,512,512]
[84605][3017,(30, 57),84412,O,1204,513,513]
[84620][3019,(31, 57),84605,S,1205,512,512]
[84621][3022,(32, 57),84620,S,1206,511,511]
[84623][3025,(33, 57),84621,S,1207,510,510]
[84625][3028,(34, 57),84623,S,1208,509,509]
[84626][3032,(34, 58),84625,E,1209,508,508]
[84627][3035,(34, 59),84626,E,1210,507,507]
[84629][3037,(35, 59),84627,S,1211,506,506]
[84632][3041,(36, 59),84629,S,1212,505,505]
[84634][3045,(36, 58),84632,O,1213,506,506]
[85539][3048,(37, 58),84634,S,1214,505,505]
[85542][3050,(38, 58),85539,S,1215,504,504]
[85543][3052,(38, 57),85542,O,1216,505,505]
[85546][3056,(38, 56),85543,O,1217,506,506]
[85557][3059,(39, 56),85546,S,1218,505,505]
[85558][3060,(39, 55),85557,O,1219,506,506]
[85559][3064,(39, 54),85558,O,1220,507,507]
[85564][3065,(39, 53),85559,O,1221,508,508]
[85570][3069,(40, 53),85564,S,1222,507,507]
[85571][3070,(40, 52),85570,O,1223,508,508]
[85572][3071,(41, 52),85571,S,1224,507,507]
[85573][3072,(41, 51),85572,O,1225,508,508]
[85574][3076,(40, 51),85573,N,1226,509,509]
[85578][3078,(40, 50),85574,O,1227,510,510]
[85580][3079,(40, 49),85578,O,1228,511,511]
[85582][3082,(40, 48),85580,O,1229,512,512]
[85587][3086,(39, 48),85582,N,1230,513,513]
[85596][3090,(39, 47),85587,O,1231,514,514]
[85627][3091,(39, 46),85596,O,1232,515,515]
[85634][3092,(40, 46),85627,S,1233,514,514]
[85636][3095,(41, 46),85634,S,1234,513,513]
[85639][3096,(42, 46),85636,S,1235,512,512]
[85651][3098,(43, 46),85639,S,1236,511,511]
[85652][3099,(43, 45),85651,O,1237,512,512]
[85653][3102,(43, 44),85652,O,1238,513,513]
[85654][3106,(42, 44),85653,N,1239,514,514]
[85656][3109,(42, 43),85654,O,1240,515,515]
[85660][3112,(42, 42),85656,O,1241,516,516]
[85683][3113,(42, 41),85660,O,1242,517,517]
[85727][3115,(42, 40),85683,O,1243,518,518]
[85739][3119,(41, 40),85727,N,1244,519,519]
[85846][3121,(40, 40),85739,N,1245,520,520]
[85853][3122,(40, 39),85846,O,1246,521,521]
[85859][3123,(40, 38),85853,O,1247,522,522]
[85909][3127,(39, 38),85859,N,1248,523,523]
[85919][3128,(38, 38),85909,N,1249,524,524]
[85928][3130,(37, 38),85919,N,1250,525,525]
[85981][3132,(37, 37),85928,O,1251,526,526]
[85987][3134,(36, 37),85981,N,1252,527,527]
[86350][3138,(35, 37),85987,N,1253,528,528]
[86440][3140,(35, 36),86350,O,1254,529,529]
[86454][3142,(35, 35),86440,O,1255,530,530]
[86469][3143,(34, 35),86454,N,1256,531,531]
[86485][3144,(33, 35),86469,N,1257,532,532]
[86497][3147,(32, 35),86485,N,1258,533,533]
[86516][3149,(32, 34),86497,O,1259,534,534]
[86528][3153,(32, 33),86516,O,1260,535,535]
[86532][3154,(33, 33),86528,S,1261,534,534]
[86533][3155,(33, 32),86532,O,1262,535,535]
[86534][3156,(33, 31),86533,O,1263,536,536]
[86978][3158,(33, 30),86534,O,1264,537,537]
[86985][3160,(32, 30),86978,N,1265,538,538]
[86994][3163,(32, 29),86985,O,1266,539,539]
[87006][3166,(32, 28),86994,O,1267,540,540]
[87338][3170,(33, 28),87006,S,1268,539,539]
[87339][3171,(33, 27),87338,O,1269,540,540]
[87342][3174,(32, 27),87339,N,1270,541,541]
[87359][3178,(31, 27),87342,N,1271,542,542]
[87393][3182,(31, 28),87359,E,1272,541,541]
[87394][3185,(30, 28),87393,N,1273,542,542]
[87395][3188,(29, 28),87394,N,1274,543,543]
[87417][3189,(29, 29),87395,E,1275,542,542]
[87418][3191,(28, 29),87417,N,1276,543,543]
[87419][3195,(28, 30),87418,E,1277,542,542]
[87420][3199,(27, 30),87419,N,1278,543,543]
[87421][3201,(27, 31),87420,E,1279,542,542]
[87423][3205,(28, 31),87421,S,1280,541,541]
[87425][3206,(28, 32),87423,E,1281,540,540]
[87427][3209,(28, 33),87425,E,1282,539,539]
[87429][3211,(27, 33),87427,N,1283,540,540]
[87434][3214,(26, 33),87429,N,1284,541,541]
[87437][3215,(26, 34),87434,E,1285,540,540]
[87438][3216,(25, 34),87437,N,1286,541,541]
[87456][3218,(25, 33),87438,O,1287,542,542]
[87469][3219,(25, 32),87456,O,1288,543,543]
[87472][3221,(25, 31),87469,O,1289,544,544]
[87483][3224,(24, 31),87472,N,1290,545,545]
[87498][3225,(23, 31),87483,N,1291,546,546]
[87516][3227,(23, 30),87498,O,1292,547,547]
[87527][3229,(22, 30),87516,N,1293,548,548]
[87573][3232,(21, 30),87527,N,1294,549,549]
[87584][3233,(20, 30),87573,N,1295,550,550]
[87600][3237,(20, 31),87584,E,1296,549,549]
[87601][3240,(19, 31),87600,N,1297,550,550]
[87602][3244,(18, 31),87601,N,1298,551,551]
[87620][3247,(17, 31),87602,N,1299,552,552]
[87629][3250,(17, 30),87620,O,1300,553,553]
[87633][3251,(16, 30),87629,N,1301,554,554]
[87635][3252,(15, 30),87633,N,1302,555,555]
[87643][3255,(15, 31),87635,E,1303,554,554]
[87644][3256,(15, 32),87643,E,1304,553,553]
[87645][3259,(14, 32),87644,N,1305,554,554]
[87648][3261,(14, 33),87645,E,1306,553,553]
[87649][3264,(13, 33),87648,N,1307,554,554]
[87704][3268,(13, 32),87649,O,1308,555,555]
[87706][3270,(13, 31),87704,O,1309,556,556]
[87709][3273,(12, 31),87706,N,1310,557,557]
[87714][3276,(12, 30),87709,O,1311,558,558]
[87715][3279,(12, 29),87714,O,1312,559,559]
[87717][3283,(12, 28),87715,O,1313,560,560]
[87723][3286,(13, 28),87717,S,1314,559,559]
[87724][3290,(13, 27),87723,O,1315,560,560]
[87729][3292,(13, 26),87724,O,1316,561,561]
[87734][3293,(12, 26),87729,N,1317,562,562]
[87736][3295,(11, 26),87734,N,1318,563,563]
[87742][3296,(10, 26),87736,N,1319,564,564]
[87745][3300,(10, 25),87742,O,1320,565,565]
[87753][3302,(11, 25),87745,S,1321,564,564]
[87754][3305,(11, 24),87753,O,1322,565,565]
[87756][3307,(12, 24),87754,S,1323,564,564]
[87757][3311,(12, 23),87756,O,1324,565,565]
[87758][3314,(12, 22),87757,O,1325,566,566]
[87796][3315,(12, 21),87758,O,1326,567,567]
[87805][3317,(12, 20),87796,O,1327,568,568]
[87809][3321,(13, 20),87805,S,1328,567,567]
[87810][3324,(13, 19),87809,O,1329,568,568]
[87916][3326,(12, 19),87810,N,1330,569,569]
[87929][3328,(11, 19),87916,N,1331,570,570]
[88883][3332,(11, 18),87929,O,1332,571,571]
[88902][3335,(11, 17),88883,O,1333,572,572]
[88914][3337,(11, 16),88902,O,1334,573,573]
[88924][3340,(11, 15),88914,O,1335,574,574]
[88938][3342,(12, 15),88924,S,1336,573,573]
[88939][3343,(12, 14),88938,O,1337,574,574]
[88943][3344,(13, 14),88939,S,1338,573,573]
[88944][3345,(13, 13),88943,O,1339,574,574]
[88945][3347,(13, 12),88944,O,1340,575,575]
[89620][3349,(12, 12),88945,N,1341,576,576]
[89630][3351,(12, 11),89620,O,1342,577,577]
[89648][3353,(12, 10),89630,O,1343,578,578]
[89663][3357,(13, 10),89648,S,1344,577,577]
[89665][3361,(14, 10),89663,S,1345,576,576]
[89666][3364,(14, 9),89665,O,1346,577,577]
[89668][3367,(14, 8),89666,O,1347,578,578]
[89670][3369,(14, 7),89668,O,1348,579,579]
[89682][3372,(15, 7),89670,S,1349,578,578]
[89684][3374,(16, 7),89682,S,1350,577,577]
[89685][3378,(16, 8),89684,E,1351,576,576]
[89687][3382,(17, 8),89685,S,1352,575,575]
[89693][3386,(17, 7),89687,O,1353,576,576]
[89702][3390,(17, 6),89693,O,1354,577,577]
[89706][3394,(18, 6),89702,S,1355,576,576]
[89707][3395,(19, 6),89706,S,1356,575,575]
[89708][3399,(19, 5),89707,O,1357,576,576]
[89710][3401,(19, 4),89708,O,1358,577,577]
[89714][3403,(19, 3),89710,O,1359,578,578]
[89719][3407,(19, 2),89714,O,1360,579,579]
[89724][3410,(19, 1),89719,O,1361,580,580]
[89775][3412,(18, 1),89724,N,1362,581,581]
[89798][3415,(18, 0),89775,O,1363,582,582]
[89814][3416,(17, 0),89798,N,1364,583,583]
[89819][3417,(16, 0),89814,N,1365,584,584]
[89824][3420,(15, 0),89819,N,1366,585,585]
[89834][3421,(14, 0),89824,N,1367,586,586]
[89835][3423,(13, 0),89834,N,1368,587,587]
[89837][3427,(12, 0),89835,N,1369,588,588]
[89839][3431,(12, 1),89837,E,1370,587,587]
[89841][3432,(12, 2),89839,E,1371,586,586]
[89842][3434,(12, 3),89841,E,1372,585,585]
[89843][3437,(11, 3),89842,N,1373,586,586]
[89850][3441,(10, 3),89843,N,1374,587,587]
[89853][3445,(10, 4),89850,E,1375,586,586]
[89854][3446,(9, 4),89853,N,1376,587,587]
[89856][3449,(9, 5),89854,E,1377,586,586]
[89857][3452,(8, 5),89856,N,1378,587,587]
[89859][3456,(7, 5),89857,N,1379,588,588]
[89860][3459,(6, 5),89859,N,1380,589,589]
[89864][3460,(5, 5),89860,N,1381,590,590]
[89866][3461,(5, 6),89864,E,1382,589,589]
[89867][3465,(4, 6),89866,N,1383,590,590]
[89873][3467,(3, 6),89867,N,1384,591,591]
[89878][3470,(2, 6),89873,N,1385,592,592]
[89958][3471,(2, 5),89878,O,1386,593,593]
[89961][3474,(2, 4),89958,O,1387,594,594]
[89967][3478,(2, 3),89961,O,1388,595,595]
[89971][3480,(2, 2),89967,O,1389,596,596]
[89983][3483,(2, 1),89971,O,1390,597,597]
[89994][3484,(1, 1),89983,N,1391,598,598]
[89995][3486,(0, 1),89994,N,1392,599,599]
[89996][3488,(0, 0),89995,O,1393,600,600]
[89998][3492,(1, 0),89996,S,1394,599,599]
[89999][3495,(2, 0),89998,S,1395,598,598]