[id][cost,state,father_id,action,depth,h,value]
[0][0,(0, 0),None,None,0,18,0]
[2][3,(1, 0),0,S,1,17,3]
[6][4,(2, 0),2,S,2,16,4]
[7][5,(2, 1),6,E,3,15,5]
[10][6,(3, 1),7,S,4,14,6]
[17][7,(4, 1),10,S,5,13,7]
[24][8,(5, 1),17,S,6,12,8]
[32][11,(6, 1),24,S,7,11,11]
[44][12,(7, 1),32,S,8,10,12]
[46][13,(7, 2),44,E,9,9,13]
[53][14,(7, 3),46,E,10,8,14]
[66][17,(7, 4),53,E,11,7,17]
[95][20,(7, 5),66,E,12,6,20]
[140][21,(7, 6),95,E,13,5,21]
[149][22,(7, 7),140,E,14,4,22]
[159][23,(7, 8),149,E,15,3,23]
[174][25,(8, 8),159,S,16,2,25]
[191][27,(8, 9),174,E,17,1,27]
[197][30,(9, 9),191,S,18,0,30]