[id][cost,state,father_id,action,depth,h,value]
[0][0,(0, 0),None,None,0,78,1.0]
[1][3,(0, 1),0,E,1,77,0.5]
[4][7,(1, 1),1,S,2,76,0.3333333333333333]
[8][8,(1, 2),4,E,3,75,0.25]
[9][11,(2, 2),8,S,4,74,0.2]
[12][15,(3, 2),9,S,5,73,0.16666666666666666]
[15][16,(4, 2),12,S,6,72,0.14285714285714285]
[180][20,(4, 1),15,O,7,73,0.125]
[183][24,(5, 1),180,S,8,72,0.1111111111111111]
[195][28,(6, 1),183,S,9,71,0.1]
[198][30,(6, 2),195,E,10,70,0.09090909090909093]
[200][31,(7, 2),198,S,11,69,0.08333333333333333]
[205][34,(7, 1),200,O,12,70,0.07692307692307693]
[207][35,(7, 0),205,O,13,71,0.07142857142857142]
[210][37,(8, 0),207,S,14,70,0.06666666666666667]
[213][41,(8, 1),210,E,15,69,0.0625]
[214][42,(9, 1),213,S,16,68,0.05882352941176471]
[217][46,(10, 1),214,S,17,67,0.05555555555555555]
[224][50,(11, 1),217,S,18,66,0.05263157894736842]
[245][51,(12, 1),224,S,19,65,0.05]
[249][53,(13, 1),245,S,20,64,0.04761904761904762]
[255][57,(14, 1),249,S,21,63,0.04545454545454546]
[257][61,(15, 1),255,S,22,62,0.04347826086956522]
[263][62,(15, 2),257,E,23,61,0.04166666666666667]
[265][64,(15, 3),263,E,24,60,0.04]
[269][66,(15, 4),265,E,25,59,0.03846153846153847]
[286][69,(15, 5),269,E,26,58,0.03703703703703704]
[289][71,(16, 5),286,S,27,57,0.03571428571428571]
[295][75,(16, 6),289,E,28,56,0.03448275862068966]
[302][79,(17, 6),295,S,29,55,0.03333333333333334]
[310][82,(18, 6),302,S,30,54,0.03225806451612903]
[312][86,(19, 6),310,S,31,53,0.03125]
[315][87,(20, 6),312,S,32,52,0.03030303030303031]
[426][88,(20, 5),315,O,33,53,0.02941176470588236]
[429][89,(20, 4),426,O,34,54,0.02857142857142857]
[432][90,(21, 4),429,S,35,53,0.02777777777777778]
[447][94,(22, 4),432,S,36,52,0.02702702702702703]
[465][95,(22, 3),447,O,37,53,0.02631578947368421]
[467][96,(22, 2),465,O,38,54,0.02564102564102564]
[469][98,(22, 1),467,O,39,55,0.025]
[472][99,(23, 1),469,S,40,54,0.02439024390243903]
[478][100,(23, 0),472,O,41,55,0.02380952380952381]
[481][102,(24, 0),478,S,42,54,0.02325581395348837]
[490][106,(25, 0),481,S,43,53,0.02272727272727273]
[493][108,(26, 0),490,S,44,52,0.02222222222222222]
[496][110,(26, 1),493,E,45,51,0.02173913043478261]
[498][113,(26, 2),496,E,46,50,0.02127659574468085]
[500][114,(25, 2),498,N,47,51,0.02083333333333333]
[502][115,(24, 2),500,N,48,52,0.02040816326530612]
[504][119,(24, 3),502,E,49,51,0.02]
[510][123,(25, 3),504,S,50,50,0.0196078431372549]
[515][125,(26, 3),510,S,51,49,0.01923076923076923]
[517][129,(27, 3),515,S,52,48,0.01886792452830189]
[519][132,(27, 4),517,E,53,47,0.01851851851851852]
[526][133,(26, 4),519,N,54,48,0.01818181818181818]
[530][137,(26, 5),526,E,55,47,0.01785714285714286]
[534][141,(26, 6),530,E,56,46,0.01754385964912281]
[538][143,(26, 7),534,E,57,45,0.01724137931034483]
[551][147,(26, 8),538,E,58,44,0.01694915254237288]
[555][151,(26, 9),551,E,59,43,0.01666666666666667]
[559][153,(26, 10),555,E,60,42,0.01639344262295082]
[565][157,(26, 11),559,E,61,41,0.01612903225806452]
[568][158,(27, 11),565,S,62,40,0.01587301587301587]
[571][160,(27, 12),568,E,63,39,0.015625]
[577][164,(27, 13),571,E,64,38,0.01538461538461539]
[580][166,(28, 13),577,S,65,37,0.01515151515151515]
[2354][169,(28, 12),580,O,66,38,0.01492537313432836]
[2356][171,(29, 12),2354,S,67,37,0.01470588235294118]
[2358][175,(29, 13),2356,E,68,36,0.01449275362318841]
[2360][179,(29, 14),2358,E,69,35,0.01428571428571429]
[2364][181,(29, 15),2360,E,70,34,0.01408450704225352]
[2368][185,(29, 16),2364,E,71,33,0.01388888888888889]
[2371][187,(30, 16),2368,S,72,32,0.0136986301369863]
[2381][188,(30, 15),2371,O,73,33,0.01351351351351352]
[2383][192,(31, 15),2381,S,74,32,0.01333333333333334]
[2385][193,(31, 16),2383,E,75,31,0.01315789473684211]
[2387][195,(32, 16),2385,S,76,30,0.01298701298701299]
[2390][197,(32, 17),2387,E,77,29,0.01282051282051282]
[2391][198,(31, 17),2390,N,78,30,0.01265822784810127]
[2394][202,(30, 17),2391,N,79,31,0.0125]
[2397][205,(30, 18),2394,E,80,30,0.01234567901234568]
[2403][209,(31, 18),2397,S,81,29,0.01219512195121951]
[2415][211,(31, 19),2403,E,82,28,0.01204819277108434]
[2417][212,(30, 19),2415,N,83,29,0.01190476190476191]
[2419][216,(30, 20),2417,E,84,28,0.01176470588235294]
[2421][218,(30, 21),2419,E,85,27,0.01162790697674419]
[2425][222,(30, 22),2421,E,86,26,0.01149425287356322]
[2428][223,(31, 22),2425,S,87,25,0.01136363636363637]
[2431][226,(31, 23),2428,E,88,24,0.01123595505617978]
[2432][230,(32, 23),2431,S,89,23,0.01111111111111111]
[2435][234,(32, 24),2432,E,90,22,0.01098901098901099]
[2438][238,(33, 24),2435,S,91,21,0.0108695652173913]
[2442][242,(34, 24),2438,S,92,20,0.01075268817204301]
[2460][243,(35, 24),2442,S,93,19,0.01063829787234043]
[2466][247,(36, 24),2460,S,94,18,0.01052631578947368]
[2489][248,(37, 24),2466,S,95,17,0.01041666666666667]
[2492][251,(38, 24),2489,S,96,16,0.01030927835051546]
[2507][253,(38, 25),2492,E,97,15,0.01020408163265306]
[2508][254,(38, 26),2507,E,98,14,0.0101010101010101]
[2511][257,(38, 27),2508,E,99,13,0.01]
[2513][261,(37, 27),2511,N,100,14,0.0099009900990099]
[2516][263,(37, 28),2513,E,101,13,0.00980392156862745]
[2518][266,(37, 29),2516,E,102,12,0.00970873786407767]
[2521][269,(38, 29),2518,S,103,11,0.00961538461538462]
[2549][270,(38, 30),2521,E,104,10,0.00952380952380953]
[2555][272,(38, 31),2549,E,105,9,0.00943396226415094]
[2558][275,(38, 32),2555,E,106,8,0.00934579439252336]
[2569][278,(38, 33),2558,E,107,7,0.00925925925925926]
[2573][282,(38, 34),2569,E,108,6,0.00917431192660551]
[2575][284,(38, 35),2573,E,109,5,0.00909090909090909]
[2577][285,(37, 35),2575,N,110,6,0.00900900900900901]
[2581][288,(37, 36),2577,E,111,5,0.00892857142857143]
[2618][292,(38, 36),2581,S,112,4,0.00884955752212389]
[2621][296,(38, 37),2618,E,113,3,0.0087719298245614]
[2623][297,(39, 37),2621,S,114,2,0.00869565217391304]
[2626][298,(39, 38),2623,E,115,1,0.00862068965517241]
[2627][300,(39, 39),2626,E,116,0,0.00854700854700855]