[id][cost,state,father_id,action,depth,h,value]
[0][0,(0, 0),None,None,0,48,0]
[2][4,(1, 0),0,S,1,47,4]
[4][8,(2, 0),2,S,2,46,8]
[10][12,(3, 0),4,S,3,45,12]
[17][16,(4, 0),10,S,4,44,16]
[28][20,(5, 0),17,S,5,43,20]
[42][25,(5, 1),28,E,6,42,25]
[56][29,(6, 1),42,S,7,41,29]
[72][34,(6, 2),56,E,8,40,34]
[96][38,(7, 2),72,S,9,39,38]
[117][42,(8, 2),96,S,10,38,42]
[143][46,(9, 2),117,S,11,37,46]
[168][50,(10, 2),143,S,12,36,50]
[200][54,(11, 2),168,S,13,35,54]
[236][58,(12, 2),200,S,14,34,58]
[269][62,(13, 2),236,S,15,33,62]
[306][66,(14, 2),269,S,16,32,66]
[340][70,(15, 2),306,S,17,31,70]
[383][75,(15, 3),340,E,18,30,75]
[442][79,(16, 3),383,S,19,29,79]
[493][83,(17, 3),442,S,20,28,83]
[547][87,(18, 3),493,S,21,27,87]
[605][91,(19, 3),547,S,22,26,91]
[658][96,(19, 4),605,E,23,25,96]
[733][101,(19, 5),658,E,24,24,101]
[802][106,(19, 6),733,E,25,23,106]
[885][111,(19, 7),802,E,26,22,111]
[967][116,(19, 8),885,E,27,21,116]
[1051][121,(19, 9),967,E,28,20,121]
[1132][126,(19, 10),1051,E,29,19,126]
[1215][131,(19, 11),1132,E,30,18,131]
[1308][136,(19, 12),1215,E,31,17,136]
[1389][140,(20, 12),1308,S,32,16,140]
[1445][145,(20, 13),1389,E,33,15,145]
[1507][150,(20, 14),1445,E,34,14,150]
[1569][155,(20, 15),1507,E,35,13,155]
[1627][160,(20, 16),1569,E,36,12,160]
[1677][164,(21, 16),1627,S,37,11,164]
[1714][168,(22, 16),1677,S,38,10,168]
[1746][173,(22, 17),1714,E,39,9,173]
[1782][177,(23, 17),1746,S,40,8,177]
[1810][182,(23, 18),1782,E,41,7,182]
[1847][187,(23, 19),1810,E,42,6,187]
[1873][192,(23, 20),1847,E,43,5,192]
[1900][196,(24, 20),1873,S,44,4,196]
[1918][201,(24, 21),1900,E,45,3,201]
[1933][206,(24, 22),1918,E,46,2,206]
[1946][211,(24, 23),1933,E,47,1,211]
[1956][216,(24, 24),1946,E,48,0,216]